STEADY FLOW TEST DATA
    33.078657    26.786568
    32.841871    26.676378
    32.686729    26.598038
    32.534709    26.515200
    32.384538    26.431341
    32.235653    26.348329
    32.088382    26.266242
    31.943053    26.185141
    31.800007    26.105046
    31.659813    26.025508
    31.523103    25.945963
    31.390026    25.866753
    31.260368    25.788853
    31.134199    25.712665
    31.012029    25.637753
    30.894399    25.563618
    30.782095    25.489357
    30.675932    25.414123
    30.576119    25.338113
    30.481863    25.262940
    30.392303    25.190126
    30.307396    25.119931
    30.228513    25.050677
    30.156963    24.981005
    30.092399    24.911720
    30.032570    24.845520
    29.977574    24.782342
    29.928653    24.720985
    29.887692    24.660002
    29.856231    24.598901
    29.832157    24.539795
    29.812156    24.484707
    29.796487    24.433544
    29.786866    24.385719
    29.781434    24.342100
    29.781339    24.302685
    29.783647    24.267968
    29.789743    24.238159
    29.797292    24.213078
    29.804287    24.192034
    29.811277    24.174975
    29.818136    24.161648
    29.824404    24.151574
    29.829743    24.144218
    29.833913    24.138992
    29.836901    24.135429
    29.838846    24.133168
    29.839949    24.131900
    29.842146    24.129401
    29.844106    24.127190
    29.847166    24.123753
    29.851568    24.118834
    29.857607    24.112246
    29.865693    24.103952
    29.876432    24.094223
    29.890488    24.083599
    29.908424    24.072796
    29.930458    24.062060
    29.956361    24.050291
    29.986785    24.038996
    30.022402    24.031764
    30.062839    24.030379
    30.107653    24.033756
    30.156935    24.040217
    30.210921    24.048702
    30.268829    24.062954
    30.329596    24.085597
    30.393462    24.114840
    30.461337    24.148288
    30.533665    24.184989
    30.609442    24.227002
    30.687222    24.276744
    30.766437    24.334600
    30.847782    24.399011
    30.932076    24.468528
    31.019884    24.542178
    31.111335    24.619594
    31.205490    24.701815
    31.301165    24.790078
    31.397802    24.884677
    31.495787    24.984741
    31.595643    25.089296
    31.697693    25.197623
    31.802205    25.309063
    31.908807    25.423646
    32.016693    25.541851
    32.125585    25.663548
    32.235805    25.787950
    32.347524    25.914427
    32.460646    26.042626
    32.575073    26.172178
    32.690661    26.302752
    32.805407    26.435946
    32.916851    26.573680
    33.078657    26.786568
